???#?????? 4,4
??..#??#??.???? 5,1
?.?.???????##????? 1,2,8
.#????.????#?????? 2,1,1,2,1,1
??????#????...#?... 9,1
.???.?????. 3,1,1
??..?..???. 1,1
??.??.#..?..??###?? 2,1,1,1,6
????.???## 3,1,3
???#?###?#?#.??? 1,1,7,1,1
??.#?#???#.????????? 7,6
???#?#.??##?????? 3,1,6
????##???#????#?#?? 6,8,1
??#????#?? 5,1
?##?#??#??????##?.#? 10,5,2
..???..?##???..?? 1,5,1
.?.#???.??? 3,2
?????#?#.???.?.?###? 1,4,1,5
?##.??#..?????????? 3,3,3,1,1
?#???.#?????##??? 2,1,2,4,1
.???.?????.? 1,2
??.?????????#?#?#?#. 2,3,2,4,3
??#??##????#?.??#. 7,1,2,2
??##???..????#????#. 5,4,4
.##?.?????????? 2,6,2
????##??.??. 4,1,1
?.#??#??.#??.##?? 5,1,1,2,1
??#?##???..??? 8,1,1
???????.?#?????.?? 6,6
?#????#?.? 1,3
??.???.?.?? 2,1
????#????...??#?..?. 4,2
?.?#????#??## 1,2,7
?.???##??#?#?#??#?? 1,1,6,1,5
?????#???#?. 6,1
??#????..?? 4,1
?.?#?#??.?#.???? 1,1,3,1,2
??##??????#???.?? 5,1,1,1,1
#???###??#???????#?# 1,6,2,3,1
?.#????###???.??# 1,10,2
?????.?.??????##?#?# 1,1,11
?#??.?????? 1,4
.???#???.#?? 5,2
.??.??#??### 1,2,4
???#?????#???#???#?? 12,3
????#????.?#?? 7,2
.?.??#?#?#.????. 1,5,1
??.????????.??.????# 1,2,1,1,2,4
?.??.#??#???# 1,1,6
?.?.???##???.?#.. 1,7,1
..#.??#??#?...? 1,1,1,2,1
??..?.##???#??. 1,1,2,4
#?????#??.#???? 1,1,1,2,4
?#?#???????? 5,1,1
#?#..????.# 3,4,1
??#???.???.?.?????.# 5,1,1,1,5,1
#??.?.????#?????#? 1,1,1,1,4,2
????##?#??????????#. 10,4
???#???#?#.?????## 1,1,3,1,4
????#?#.????###?#.?? 2,3,9,1
?.???????.#??#? 7,1,1
?#?##??##??.??#?#?. 10,5
???#???.#??#.?#?? 1,3,1,2,4
?#???.?.??????? 2,2,2,1
.#???????##?? 2,6
?.#????????#. 2,1,1,1
.#.???#.?..#?##??? 1,1,2,1,7
.????.?#????????# 1,11
?.#?.#???# 1,1,1
?.???????#?. 1,8
??#?.#????#?#??.?. 1,2,4,1
????#.????#????#. 1,1,2,4,1
????#??????#?.? 9,1,1
.???#.#?.#..#?.??#? 2,1,2,1,2,2
?.#??????##? 1,3,4
#.???#???.???. 1,3,2,1
???#???..??.??#??#. 2,1,2,5
???##??.#?# 4,3
?..?.???.???.?#??? 1,1,2,3,3,1
.???##?.#????#?# 5,1,1,1,1
.??###.??.?? 1,3,2,2
?????#?##???#?###??? 1,15
??#.??.???.??#?? 1,1,2,2,1
?.?#.??..?#?? 1,1,1,2
?#?????#?#????.??. 10,1,1
??#.#.??#.?? 1,1,1,1
.??##???#??#?#??.?#? 12,1
?????????????#?#?? 1,1,4,1,1,1
.?.##.?###??? 2,5
..?.??.??? 1,1,3
.?????????????#??. 1,9
.##?##???? 5,1
.#?..?????? 2,1,3
?????##?.. 1,6
##??????##? 5,2
?????.#.?#??.?? 1,1,1,1,2
#..?##?.?.###... 1,4,3
??##?#?????.#??? 8,1,3
????.?#?.??#?#?# 2,3,5
??.????????????.???? 1,1,3,1,1,4
?#?????.?????? 7,2,1
????#.?.?????###?. 3,1,1,2,1,4
?#????###??? 2,6
#???.?.#??#????# 1,1,1,5,3
#.??#????.. 1,5
??#???.??#???##???. 4,1,2,4,1
??#??????. 3,1
????..#?##????## 3,10
.##??.???????? 2,1,7
???.?.?#?#.?..#?.? 4,2
????#???#??#? 1,1,3,1
?.??#...???#?????? 3,4,3
????#??#?? 2,1,1
?.??????#?????.? 8,3
??.??.?#??????# 1,1,1,4,1
.??.???.#??? 1,2,1,1
??????.?.?#? 4,1,2
?.#??..?#.#? 1,1,1,1
??#??.???????#?.?? 2,1,1,1,2,1
??...##??.????? 4,3
??##?#?##????? 1,7,1
.?##???.?.# 5,1,1
??..?#?#.. 1,4
???##???.???##??### 1,2,1,9
.?????#??? 3,2
??#.???..??????##??? 2,1,11
???#?????#?#????? 1,7,1,1
.??.?.#?#.??#??##?#? 1,1,1,1,7
#???#??.?# 1,3,1
???##???.????????.?# 1,4,1,1,1,2
???#?????#####?? 1,13
????#??????.?? 6,2
??????#?.???????#.?? 3,5
?#??.??##??.?.? 3,4,1
????????##?.. 7,3
???###.??. 6,1
.?#??????#??#??#?? 1,10,3
?.?..????.??..?#?#.. 1,4
.??????#??##??? 1,2,7
????#??.#??##?#? 2,3,8
?#???.?.?. 1,1,1
.??##??#????? 3,1,1,1
.?????#??#??#???? 2,3,5,1,1
?#?...?###???? 2,5,1
?##?.?..?.?? 3,1,1,2
?##????.?????##? 2,2,2,4
??#????#?#? 3,4
#.??#?##?.?.?.#? 1,7,1,1,1
?##?#??.?????.?? 5,2,1,1
?.??#????#????#??#. 1,1,1,3,1,4
?????.?#???#?? 1,1,3,2
###?????????.??????? 5,1,1,1,2,1
?????###???#????.?. 1,7,1,1,1
???.?????#.?. 1,5,1
#???###???#?#???#?? 2,4,5,2
??????#???#?#?#?.?# 1,1,5,1,4,1
???.#?##????#??.#? 1,1,9,2
?.?????????.?? 1,5,2,1
???????#?##??.?.?? 11,1
????..####???? 2,8
.?##?.??##???#. 3,4,1
????????.?? 3,1
???.#.?????#?#?..? 1,1,2,1,4,1
.???????#?? 3,1
???#??##?????##??? 4,2,7
??#?##????.. 1,1,3,1
.????????????.???.?. 1,5,4,1,1
....?#????.?????#??? 2,6
?.??#????.??????.# 1,2,1,1,6,1
??..?##?..#????.?? 2,5
#??##??#?###?#??.?? 5,9,1
??##??#????#??? 5,1,4,1
?.?#.?#.?.#????????? 1,1,2,1,6,1
.?#??#?#?#?#?? 3,8
#???????#?.?...??? 2,6,1
?????????#.?????..?? 3,1,1,5,1
??##?##.?????#? 3,2,1,1,1
??.???###???.???. 1,5,2,1,1
????##?????#?. 1,10
.???..##?#??#? 1,8
???????#?#??..??? 1,1,4,1,3
?#???????????. 5,1,1
??#?.#???? 1,1,2
??????????. 5,1,1
.????????????#?#. 1,13
??????#??#.?#?? 9,4
???????.#? 5,1
???###???.???#?...? 3,1,5,1
?.?????????? 1,4,1
?.???????????. 1,5
?????###?? 1,6
#??????##????????.? 1,1,10
?##????????# 9,1
..?????#??#???# 7,2
..?#..??????. 2,5
???#?##???. 6,2
.?????#???.???????# 1,3,2,1,4
???.?????? 2,1
??#?#?????????#??? 3,4,2,3
....??#?????.?# 3,3,2
?#?#??###?.????????. 1,1,5,2,2,1
??#.?..??? 3,1
?#???????.? 3,1
.?????.??.?.??# 3,1,1,1,1
??#????.?? 3,2,1
???.?#??.?#.???. 2,2,1,2,2
####??.????????#?? 6,1,5
?##????##??#?#????? 9,4,3
#.???#?#?.#??????# 1,6,1,2,1
??#.???##???..?? 3,6
.??.??????????#?.?? 1,5,1,2,1
..???#??????? 3,3
????##???. 3,1
##?##?#?#?.? 9,1
??????.??###??? 2,6
???..??#??????#. 2,5,2
???.??#????????. 2,4,5
??..???.??.?..??.? 1,1
??????.#?## 1,4
.?##??????. 4,2
???##?????#??.. 4,3
.#?##.?.???? 4,1
?#??#.?#??#???#?? 2,1,9
.??##???????? 7,1
??#??#.???#. 5,1,1
?.?#?.??.?????#?? 1,2,1,1,5
?#??.????#??###?#?? 4,1,9
.??####??.?#?#?###? 6,8
???????#..??#??#? 2,2,7
.??????#???. 1,5,1
??#.?#???.?? 1,2,1,1
?##?????##??#.#??? 3,5,1,1,1
????.??##?.?. 2,1,4
.??????????##??????. 2,1,6,4
?#.????.??#?? 2,2,2
????#??#????????. 2,9
???.??..???? 2,1,1,1
??.??????#??#???#? 1,1,4,1,2
##??????#???#????? 5,4,2,2
#???#???????##.?#?. 9,1,2,3
?.?.????.? 1,2
?#??#???????. 5,1,1
??###?#.???.####?## 5,1,7
?????##???#?????#? 1,4,1,2,2
#??.???????.? 3,1,2,1
???#????#??#?#? 4,1,4
??.??..??..? 2,2,1,1
???????##?. 1,4
.?????????????????. 1,5,2,3,1
???????#??#???????? 6,5,1,1
??#.?.?????.?.? 1,4,1
.?????#.??#???..?.?? 1,1,1,5,1,1
?#?##???#???????? 5,1,1,1,4
????#?.#?#????.#?#?? 1,1,3,2,4
#???#????.#????? 8,4
?.????????.?#?#?? 1,3,4,1
#???#???###?#?.##??? 1,11,4
.?.???#??????? 1,7,1
???##??.????#? 4,6
????#.?#??.??.?#.??? 5,2,1,1,2,3
#.#???????#??#. 1,1,2,1,1
#.???#?#??#? 1,1,4,1
.?#.????##?##????? 2,10
.??.??.?.. 2,1,1
.?#?#??????????????? 3,13
?#????#.?????#? 2,1,1,3,2
#?????.???#???#?.#? 1,1,7,2
????.?.???.?.. 1,1,1
#????#????????# 1,1,1,5,2
?..??????.#?##??? 5,5
..?##??????#. 4,4
??##?#??#? 5,2
???.??????#?.? 1,1,5,1
#?#?#????#..?? 1,4,1,1
???.??#.## 1,3,2
?????#.?#??#??..?#.? 1,4,7,2,1
##.???.#??##?##??#?? 2,2,11
.#??.???.?##???#???? 1,1,1,3,5
????.?????? 3,1,2
???..#???. 2,1,1
?.??.???##?#?#??#?# 1,1,1,8,1,1
...????.?? 1,1,1
#.#.??????#?? 1,1,1,5
.?#???..????#? 4,2,1
??.???.??????#??.? 1,1,8,1
???#.?????.#?#? 1,3,1,1
???????#????...??#. 11,3
?#?##?##?. 2,5
.???????.??? 5,1
?????????????#??##. 3,10
.??????#????#????##? 2,2,1,1,8
.??#???????????##?? 2,9
?#?#??.??.???# 5,2,4
.???#???.??. 2,2
????##??#????#?????? 1,4,2,2,4
????????.?.?#????? 8,1,1,4
.???...##???????.? 2,7
???..??.??.###?? 1,5
???.???#?? 2,1,1
##?..??.?#. 2,1,1
??????..?##??????# 1,1,2,10
?????##??? 2,2,1
?.??###??..?# 1,7,1
#???#?#????#?????? 1,1,3,2,1,4
??????#?##???#?#?. 1,2,2,2,6
??.#....?#.??? 1,1
#####?#?...?#?. 7,2
.??.????????. 2,2,1,2
?..#..??????? 1,4
?##???#...?##??? 2,1,3
??????#??# 1,2,1
??????#????? 1,1,2,1
??#???#???##????#??? 11,6
.?..???#???. 1,3,2
?#??##?.??. 7,1
#????????.?# 2,2,1,1
?..?#?????.??? 4,2
?????#?#?????#?? 1,5,1,4
?.??#?.#?##???#?.?? 4,8
##?#???#??? 4,1,3
.?.?????#?????. 2,4
#??????#???#..##? 1,1,3,1,2
???.???????##????? 2,1,7
???#.?.#???#??? 4,1,2,2,1
.##..?#??.?????#?# 2,3,1,4,1
?#?????#?##???? 1,11
???????#.?.?#.. 6,1,2
.???????.#.?.????? 4,1,1,1,3
.?.#..??.?#????#?## 1,1,1,10
#?.??#??#??????###?# 1,3,3,3,5
??#???#???#.???#?? 11,1,3
??#?#.?????? 3,5
?.?????..????##?##?? 2,1,1,6,1
??????#??###? 1,1,7
.???#????.??? 7,1
.????##??#??#???# 1,5,1,5
??#????#??#??#??#?#? 1,1,7,1,2,1
?.??????????? 1,1,1
?.#?#.??##????.?? 1,3,1,5,1
.????.#.?????#?. 3,1,5
?#?#??.???#? 1,1,1
.#?#??.#??#???#.# 3,1,8,1
?.????#.??????? 1,2,6
??##??.?#?. 4,3
#?#?##????#? 9,1
?##???##???##?.?. 3,1,8,1
????????#?.? 1,1,1,1
???#??????# 2,2
?#?..?#..???.?? 2,2,1,1,1
#????.?#?? 3,3
.?????.?.???#?. 2,1,1,2,2
.????.?.#??. 1,1
#??.?????#.??????.? 2,4,1,4
?.?...????????. 3,2
.##??.#??#?#??? 2,7
.???.?????? 2,1,2
?#???#?#????#??#??? 3,9,2
??????????.???.?? 3,5,2,1
????.??.???## 2,2,1,2
??###.???# 4,1,1
?????#???????. 3,7,1
.??????#?????#???? 1,4,4,1
.???#?.????## 4,3
##..?????. 2,2
???##???#? 3,1
???##???.?????#.. 1,6,1,1,1
?????##????? 2,5,1
?.????????#?? 1,1,2,2
.?.??????? 1,2
??##..#??.?.???#?#? 4,1,1,1,4
?.?#?#??#?.## 4,1,2
?????????#.????#??. 8,1,3
?##??#?.?.?????? 6,1,3,1
??#?????#?#?#?.?#? 11,1
#???...?#???.#???? 2,1,5,1,1,1
?#????.?#???#??? 1,1,9
.?????????# 1,3,2
.?.??#?#?????.?..?? 10,1
?.??#??#?.??.?.?#?? 1,6,1,3
?????.??##??#?##??? 2,11
?#?#???#??.#?# 1,6,1,1
.??#??????##?#???# 5,1,5,1
?#??????#?#???.#? 2,9,2
???.?#?.????#????? 1,3,1,3,1
.???.?????.??..?. 2,5,1,1
?.???###?.?#????#?#? 1,4,3,2,1
##??.?#..?.##?.?? 4,1,1,2,1
?.???????????#?? 2,1,6
??#?.???????? 4,4
?#???##?.???? 4,2,2
.?????##..?.?? 6,1
????#?#?????#.?? 7,1
#??#?#??????#????#?? 1,8,1,1,1,1
.??#?????.. 3,1
????.???#?????? 2,1,1,2,1
??.???.?#????##??? 1,1,3,5
??#?#?#.##?? 6,4
??#??#????.???? 1,6,1,1,1
?????..##??????. 2,1,6
?#.?#?.???#.?..# 2,2,2,1,1
???.#????.?#?#??? 1,5,4
?????##..??????? 1,3,1,3
.???.?..??. 1,1,2
?.??#??#.#?.??## 2,1,1,1,2
??#.????#.??? 2,1,1,3
.#?.??.??? 2,1,2
?????????##?? 3,4
??????#????. 1,2,1,3
.#.?????##???#?????# 1,4,3,4,2
#??#???????? 1,4,3
?#??.??#?? 2,1,3
.???#?##????.?. 7,1
.?#?#.?#??.? 2,1,2,1
?.#?#??#?? 4,2
??.???#??#?.?????.? 7,4
?.?...#???????#? 1,1,2,2
??.????...#? 3,1
..#?.??????..?###? 1,4,4
?..###???.??.?. 1,4,1,1
??.?.??#?????.# 2,7,1
.??.???????#? 1,5,2
?####??..???#???.? 5,1,2,1,1,1
?.?#????#???? 1,4,1,1
??????????.??.?? 1,5,1,1
?.#?..????#??## 1,1,6
?????..?.?? 3,1,1
.?.?#????????#.???? 1,3,1,5,1,2
????#?.??#?. 3,1
.##??#.??????#?#?. 5,7
????????##?#???##..? 4,11,1
.?.?#?#?##??#?? 1,4,5,1
##.??????..#. 2,1,1,1
?????.?.???#?.?????? 1,3,2
##.???????.?.?# 2,3,1,1
?##??####??..?? 3,4,1,1
?????????#?##???##?? 3,6,4
..??#??.?#.?#?.?.##. 3,1,2,2
????#??????? 3,4
.#????..?????????? 1,1,1,1,5
????..???#??#.?#?? 3,1,1,1,3
?????#???#??#? 4,2,1
?????##???#???????? 2,6,1,2
.?#??.?..????#? 2,1,1,1,3
.???.?##???? 1,4,1
.##?..#.????? 3,1,1,1
#?#.?.????..#??? 3,3,1,1
?#..#?#.#??#?????? 1,3,1,1,1,1
?????????#????.????? 5,3
???#??????.? 7,1,1
..????.???#..??# 2,3,1
?.?.??..##? 1,2
.#?????.?#????.? 5,3,1
?#???.?????#?.#? 1,1,5,1
?????.?.?#????# 1,1,1,1,4
?.???????..# 1,1,2,1
?????##??? 1,4,1
??????.??# 1,1,1
???#????.#?#?? 6,1,2
????.??????.? 1,1,1,2
..?.????#..???? 4,4
???#.??##?..?#??. 2,3,3
??.#??.?.?#???.??..? 1,1,2
????.?.???? 1,1,2
.????????..# 2,2,1
?????????# 3,3
#??#??#??##????? 1,2,6,1,1
.??#???.#??#?#???? 1,2,1,1,4,1
??###???##???#????? 5,8
??.?.#???#????? 1,5,2
?????.#?##???? 1,1,3,1
#????#???#??? 2,3,3
?.??.??????? 1,1,1,3
.??#??#?????.?.??? 7,1,1,2
??#???????#???##???? 7,9,1
?????#??????.??.. 11,1
??#??????#??.?.##? 3,4,3,3
?..???..??##? 1,1,1,2
????#???#?##??.???#. 8,3,4
?##.??#.????##?# 2,2,5
#???.???#?#?.?#? 1,1,5,2
?????.??.#? 3,2,1
?.#?#??.?#?????#. 1,1,1,1,8
#????????.#??? 5,3,1,1
?..#???##?.??#???? 1,1,1,3,6
?##?#..??.#.?.? 3,1,1,1,1
?.??????#.?#??#????. 5,1,7
????#?.?#?.??#. 1,2,1,2
?#?##??#??.?? 7,1,1
#??#??#??????????## 1,2,3,7
???##.?????#??#.#? 1,2,3,3,1,1
??##?.???#?##?#?? 3,8
??.?#?.??.. 1,2,1
???####??.?.?#?.?# 1,4,1,1,2
????###????????# 13,1
#????##??###?.# 1,1,8,1
??????#????##?? 1,1,2,1,2
?.??.???#?#????..#. 1,2,1,5,1
????#??#??#??.??.?? 8,1,1,2
.???.??.??#?? 3,1,5
??.#.??#.??? 1,1,3,2
?#??.????????. 3,4,3
???#??#?.?#?? 6,2
??#???###. 1,2,4
#..?#????????? 1,2,7
.???????????##??? 2,1,7
.##??????? 3,1,1
?.#??????.?# 1,1,2,2
?###??#???#??? 4,3,1,1
?####?????#?##?# 13,1
.#?.???????. 1,1,1,2
?.????#??? 1,2,1
???#??.??###????##?# 3,10,1
??..????????##?#? 1,2,1,7
?..?????##?.??##?? 7,5
.???..???## 1,5
?????.??#???????.?? 2,5,4,2
.???????????? 1,1,1,6
?..?????????#?#?. 1,2,1,8
??#????.?????##?? 4,1,8
???#.?##?????#?.# 1,1,6,1,1
..??###??#?.#???#??? 7,1,6
????????#??. 3,3
??#??#????????????. 9,6
???????????.?? 6,4
????#?#?#???#? 5,7
.#?##????#.#???#? 1,7,1,4
?????#?.???#? 5,3
?##???#??#??.?..?. 10,1,1
?#????#?#????.#??# 7,1,1,1,1
#?#?.??????.???????? 1,1,1,3,1,4
?#??????#.???.?#?? 9,1,1
#????????. 4,2
??.??.#???.###? 1,1,1,1,4
?#???#????##??#?? 3,2,1,2,4
??#?#??????.??.?.??? 8,1,1
???????#??.. 1,4
.??.???#????.?????.? 5,2
??#??.?.###?#??. 1,2,1,5,1
?#??.??.??????? 4,1,1,2,2
.?#??..??? 1,1
?.??#.????.?# 1,1,2,1
.??##??.#? 2,1
?#???.?#????????# 1,2,4,1,2
.?###????? 5,1
..??.??#?????? 1,2,2
??#?#?.#?.??? 6,1,1,1
#?????????...#? 1,4,1,1
.???????##??.?..? 1,6,1
?.????.?????#?#??.?? 1,3,10
?#?#???#?????#? 3,7
#?????.?#???????? 5,3,1,3
.#?#??.?????#?#? 3,9
.#???????.? 1,1,4
???.?#?????###????? 2,9
?.##???#????#???? 6,2
??.?#?#?#??.?#?? 1,8,1,1
??????#??#??.?.#. 1,10,1,1
#???.#???#. 3,1,2
???????.#. 3,1,1
###????.?.????.?#?.# 5,1,3,1,1
.##?#???#?#????#??? 5,1,1,1,5
.??????????.. 2,2
?????????. 1,2,1
?.??#???.???.?. 1,5,1,1
???????.#.??.??#.#? 3,3,1,1,3,1
#?.??.#??. 2,1,3
???#?????????????. 6,7,1
?.??.?#??????#???? 2,3,5
???????.?????##???? 1,2,2,3,2
##????#?.??.???? 5,1,1,1
?.???.???? 2,2
.#?#???..# 1,3,1
??.?#???#????? 3,3
.##????.??#.?? 3,1,2
????.#??..???#?? 1,3,2,3
???.?????? 3,1
.?????##??# 2,7
??????????? 1,3,1
?.#??#?..##?. 1,2,2
??#??.??.?.#?..? 2,2,2
?????#?..#???##?? 4,7
??.???#.???. 1,1,1,1
??##??..???#???#. 5,1,3,1
?.?#.????#?#?????? 1,11
??#???..#???#???#? 1,1,1,1,3,1
?.?#?.?.#???#???## 2,1,8
##?.#??.?. 2,1,1
#.?##.?.?# 1,3,2
?.?##??????#?# 3,6
#???..??.?. 1,1,1
.?#.?.?.?.#? 1,1,1,1
?#??????.?? 7,1
#???#?#??# 3,3,1
#??????####???????? 1,10,2
????.??##????##..# 1,1,3,5,1
#.##??#?#????#? 1,7,4
????##??#?#?.?#. 7,4,2
??#??..#??##?. 1,3,5
??#.?????.? 3,1,1
????????..????#??#? 6,1,4,3
.????..????#???? 2,1,2,2
.??##??#?. 1,6
.#????.????#? 1,5
??#?###????#????.? 8,3
???.????..?.???.?. 3,1
..?????.?##?#?? 1,5
.?#??????.????#??. 7,5
?.?.???????#??###??. 1,5,4
????..????#??.? 1,3
?####???????.? 5,3
?????.#??.#? 1,3,1
?.??.?###????? 1,6
????..?#?#. 2,1,4
##?.?????????#?? 3,10
.?#??#?#??..?????? 2,1,3,2
?#?#?.?.???## 4,1,5
??..???????. 1,1
...????.??.????.?. 1,2,4
.#?????.???.??. 6,1,1,1
##?.?.??.? 2,1,1
??.#????#?# 1,1,5
????#.?.?##.??. 3,1,1,3,1
??..??##??????? 4,5
???.#?????? 1,5,1
??##..##..?????#??? 4,2,3,2,1
?##???.?#??#?????#? 3,1,4,2,2
???????.??? 6,1
#?#???????#?#?? 1,7,1,1
?????#???#?.??. 1,3,4
..?#??.??##?#. 4,4
?.????????#?#??.?#? 2,2,5,2
???.?.???????? 1,1,1,1
??..????.??????? 1,3,1,2
?#?.?##????.??#???.? 1,4,6
????.#????#?????.?? 1,1,2,5,1,1
..?#.#?#?.?##??###? 1,1,2,8
?#????????? 2,4
?????#???? 1,1,2
????.????... 1,1
?????????#????? 5,8
????..???.?..?#?. 1,1
.?????????.#?? 2,1,2,3
.??.??#?#????.?? 1,3,1,1,1
?.??.???#??###?#?#?? 1,11
?##????..??#????.?? 3,3
?.?#???#???#??? 1,6
??#?###??.???.? 6,1,1
?#?##?##?.##?..? 5,2,3,1
?????.?????. 3,2
??????????#???? 1,8,1
????.??#??. 1,5
?.##???.??##??##?# 1,2,1,4,2,1
??#???.??????#.#?? 1,1,1,5,1
????####..?..? 8,1
..?????????#?. 4,4
?#????????? 1,1,4
???????.????#??? 5,5
#??.?#.?????..#?#??? 1,1,1,2,1,4
##??#??#?.?????? 5,1,1,2
.????##????##### 5,7
?#.??#???#.??.? 2,7,1
.????????##?..?? 2,2,1
.??????#?????????.? 4,3,4,1,1
??????#??.#?.???.??? 7,1,1,2
?.#?#.?????##?#?#??? 1,1,1,1,1,7
???????####?##?###. 1,15
?????????#?.??#? 3,1,3,3
##?????#???#?#?? 3,1,2,4,1
.??.????.?#??#?#??# 2,1,2,4,1
???#?????????#??. 3,8
?.???#???#.????.???? 1,5,2,3,1,1
???.??????#?? 1,2,5
??#??#?#?????..?.??? 8,3,1,1,1
???###??????? 7,2
??????#..?..?.? 1,4,1,1,1
????#??????? 1,2,2
?????.?##?? 1,2
??#?##????.??##???? 7,3
?#???????.# 4,3,1
.?????#?#?#????#?#?? 10,3
.??#.???.? 2,1,1
???..????.?#???#?##? 2,4,10
??..??????.????.. 3,2
?#???##??..????? 6,2
???????##?? 1,2
???#????##??# 1,3,6
??.??#???????? 1,1,3,2
???..?.?????.? 2,3
.??.#??????..? 3,1
?#???#??????#.?# 1,2,5,1
??..#?#?.#?.#??????. 1,1,2,1,2,4
??##????#.. 2,1,1
??????????????.? 1,1,1,5
??#.??.??#?#?????. 1,1,6,2
.?.??..#??..? 2,3
.????.???? 1,1
#??..????##?.?#.# 2,7,1,1
??.??.#.?.#???????# 1,1,4,3
??#??#..?#????#???? 1,4,2,1,1,2
???#???????# 9,1
???#???#?#???#..##? 8,3,2
?.##?##???#????#?#? 1,10,1,1,1
?????#??#??##?.???? 6,1,4,1
..###.???#? 3,3
??.??.#?#?##?# 2,1,8
??.#????#????.???#? 1,1,3,1,1,1
??.?????#?#?????#?? 2,1,12
??#.????#??##???#??? 1,13,1
##??????.#??????? 6,7
??????##?#?#?#?.??#? 1,10,1,2
?.??#?#.??????#?# 1,3,1,2,4
????????##. 2,1,3
.?????.?#???#? 3,1,2
????.#?#.?? 2,3
??????#????##?????? 13,1,1
?.???????.?? 3,2
..?#?.#???? 2,1,1
??.?????.??#?#??##?? 1,3,11
?#????????#? 2,3,1
????#?.?.###?? 4,1,5
?.?#????????.?## 1,7,2
.??.??????.???.. 1,3,1,1,1
##.?#?#?#???? 2,7,1
?#?.????#...??? 2,5,1
.????.#.#?#?# 1,1,5
.?.##?#??? 1,2,3
##????#?????????#?#? 3,1,1,1,6
.?????????.?? 2,4,1
#????..?#?.?#.????#? 1,1,1,2,1,5
??#??#??..# 7,1
?###?.??..? 4,1,1
??.??????#?#?#??..? 1,8
???.?????? 2,4,1
??????#??#??? 1,2,1,1
??.?#??.?#???? 1,3,4
#??????????? 6,1,1
??#?.#?#.#??#???? 1,1,1,1,8
?..???#.???##??#?. 3,7
?...??????#?#?. 2,4
????.??.?. 4,1
#.??##??###?.?###. 1,1,8,4
????.?..?#.??????? 3,1,1,1,3
#.???.????#?.?.?.?# 1,2,1,3,1,2
????.?.#???.???# 2,1,4,1,1
???#??????????? 2,5
??#?#???.#????? 4,1,1,2
???#??.????.??? 5,1,2,1
.????????#.???#?? 1,7,6
?.??..??#?# 2,3
#?????.##??.?????#? 4,1,4,1,1
?#?#####?##???#????? 11,1,1,1
???.##???#?. 2,6
?????#?##??.?.????#. 9,5
?####??..#???.? 6,2
?##??#?.###?#??.??. 6,7,1
?#.??.?.?#??# 1,1,1,4
#?#?#???..?? 7,1
??#?#??????? 5,1,1,1
.?##?#?????..???.??? 10,3,1,1
...?#??..??.????? 3,2
??.????.??? 3,3
#??#??#?#.??.#. 1,6,1,1
?.??????..???#?.?.. 1,2
.??.#?.?##?#??#???? 2,8,1
?##?#???????##?? 2,1,3,3
?#?.?????###?#????? 1,2,1,5,1
?#??###????.##.? 2,7,2,1
#??????..#???# 3,1,2,1
??#.?????#..#???? 3,1,1,5
??????#????. 8,1
??????.#??. 6,1,1
??#??.#??#??. 5,1,2,1
?#???#?????. 5,1
###?????.#?? 5,1,2
..?????#.? 1,1,1
?????...#??? 3,1,1
????.????? 3,1
.?#??#??.???? 2,2,2
#??.??.??#.????.?? 3,1,1,1,4,1
????#?????? 1,6
?#??##????#??. 1,8
????#.?.??.??##??# 1,1,2,6
?????.?.????###?##? 1,1,1,1,1,7
.??..#.??.?#? 1,1,2,2
?##??#?.#????. 6,1,1,1
??????.?#? 6,1
.#??#???#??????# 2,1,1,2,1
##?#??####.???#?#??. 10,6
??.???????.???#. 1,2,3,1,1
??#?????#?#????????? 5,9
?##?#???#?.#?????? 3,1,1,1,1,2
?#???#?#??#?#???.#?? 12,2,3
.??#??#?.?#????.#??? 5,3,1
?##??.?#??. 4,3
?.##?##?.?????#?? 1,5,2,5
.?..?#.?.? 1,1,1
.#????#?????#??? 2,6,4
..#???????.? 3,4
?###??#????..?.? 7,2,1,1
?#??????.#?????..?. 7,5,1
?.#?#??.#??.#.??? 1,5,1,1,2
.??#?#??##?#?.?#?? 12,1
????##????##?????.#? 12,2
#?????##??.?.#?? 1,1,4,1,1
.#?#????.???? 4,1
??.?.??.??????##? 1,1,1,1,5
.?.#?????##???? 1,1,1,3,1
#???.????# 1,1,4
?????#?.???#??????? 5,9
??#.?.??#???? 1,4,1
?????#??.. 2,3
??##???????#.??#???? 3,6,2
?.?.????????? 1,7
.??#..?.?#. 2,1,2
????????#??#??.??#?? 4,8,3
??.?????#??#????. 1,2,9
?????#??.???.? 5,1
?.?#??#??.????? 1,1,4,5
????.??????# 1,4,1
#?.??#?????##????#?# 2,2,8,3
.?#????.##.???#?#? 2,2,1,4
?.??#?#???#..??#.?# 1,3,5,3,2
?##.???##??. 2,1,5
?.??...?????.?. 1,3,1,1
????#???##. 2,3,2
????????.#?#?? 1,1,4
??.????#???? 1,1,1,1
?#?#?##??#?.?##. 10,3
???#?.??#???????.? 3,10
?.##????.#?.?#?? 6,1,3
???#.??#?#? 1,1,4
.#??????..?#??####?? 4,1,2,6
???????#?..? 4,4
.##?????.?.. 4,1
??#??.???????.???? 1,3,1,2,1,2
????#?.?????? 1,1
??#?#?.?#??.?.?? 5,3,1
.?#??#?#?.???###???. 2,4,9
#?????.???.#?.##?# 1,1,2,1,1,4
?#???.?#?.?#.?? 4,2,1,1
????.???#?#?##??? 3,9
.?????.?##??? 2,1,6
?.#?????.?????? 6,5
????...???.?? 2,2
?.??.??.#?#??????#?? 1,1,1,1,2,7
??.??#?#????. 1,5
??#?#???.?#??? 2,1,1,4
#?.??.##?????? 1,1,2,5
.??#??##??? 1,6,1
.???##??.??#?. 6,1
????#?#?#?.??#?? 9,4
??#??????#?????.# 2,2,3,1,1
#?????????#?####?. 8,8
???????.?.#??? 1,4,1,4
.???#?.???#?#?#?. 3,8
??.#??.??##??#?#?# 1,3,1,7,1
#.#??#??#???? 1,1,1,4
??..#???.??? 2,3,1
?#?..????? 1,4
????#??####??..? 1,9,1
#???????##?? 2,2,5
.?.????#??.????##?. 1,2,4,6
?#..#.???#. 1,1,3
?.?#????#??...?###? 8,4
??.????##????##????. 1,1,1,8,1
??..?#??????#???? 1,4,2,5
#?????????..??#.?? 2,1,4,3,1
.#.??.?.#????.?.??#? 1,2,3,1,1,2
??#?##?.#?#?? 5,1,1,1
??#???.?#???? 5,2,1
?????.?##..? 3,2
??.?.?#???? 1,1,2
#???#?????????? 1,1,1,1,4
??#?.##???..??????? 1,4,4
???????#?.?.#???? 1,1,2,4
.?.?##??#.#?? 1,3,1,1
???????#.#??#.?#? 1,6,1,1,3
??.???#?#.? 1,3,1
????????...??????? 4,2
?#??.??#?#? 2,5
???.##??????. 1,3,1
????#?.?.?? 5,1,1
#??#.?#??#..?? 4,1,1,1
???.?#..?# 1,1,2
.#??????.????????## 6,6,2
????????.??????#? 7,1,2,2
???#????#???#??? 3,2,4
?...????#.??. 1,1,1,2
.?????.????#. 2,3
????..?????? 1,1,1,1
?#####??.?.#??? 5,1,1
.?#?.??...??# 2,1,3
??###?#??. 3,3
????.#??????#??# 1,1,1,1,6
.??#?###?#?#?? 1,7,1
??#.???#.##.?? 1,1,2,2
??#?.????.? 3,1,1
????????##?????#? 1,3,2,2,1
?#????#?#??.##? 7,1,2
?.#?????#.??# 1,2,4,2
?????.#???????.?? 5,1
????#?##.???#? 7,4
?#??????#?#???#??? 5,6,1,1
?#?#??????.?#. 6,1,1
.?###????????#?#??.? 4,9
?#?#?.?#?#??#?? 3,7
??#???.?????. 1,1,1,5
?.##?..????.?.??# 3,1,1,1,1
.#?????#???? 7,2
.??.???##????#?.??. 1,1,8,2
#?.?##????##?. 1,2,4
#?#..?.??###???.? 1,1,1,5,1
??#?#??????#??#???# 11,5
????????????#? 1,1,5
????#?#?.#???#. 1,6,1,1,1
?#?#?##????#?..?#?? 12,4
??????#.???.???.? 1,3,2,2
?.?#???#?.?.?#??# 7,1,1,2
#?#.?#?.?#?##???.? 3,3,6,1
???.??##?.?. 1,4,1
??..?#??????. 2,2,3
???.?????# 3,2,1
?#?#??#?.?.#?#?????? 5,2,9
?.?#.??#?.?#??##??? 1,1,1,1,2,6
#????#?#???????????? 8,1,1,1,1
??????#?#?? 2,2,2
???#??#.????..#?. 5,1,1,1,2
??#?????????.#? 4,1,1,1,1
?#..??##??#???. 1,10
.?#????#?. 2,1,1
?.????.##?#??.#? 2,6,1
?##??#?..#??#????# 2,1,9
?????..????##????? 4,7,1
?.##??..???.?#. 1,2,1,3,1
?#????#?#???? 2,1,3,1
??##???.?# 4,2
.?????.?.?.#? 3,1,1,1
.#?##???.??####??#? 7,8
??????#???.?#?..## 7,3,2
?#???#?.??#?#? 3,1,5
???#?.???..??? 4,3
...?.?????? 2,1
.#?.??#??#???#???##? 1,16
?????#?????.???.??? 5,1
#?.?..?#?#??? 2,1,6
???#?????.???? 8,1
.???#?????????.#?.? 10,2,2,1
#?#?..##?????????? 4,3,1,2,1,1
???#?###.???? 1,1,3,2
????#???#??#?? 5,5
?.????#????##? 1,6,4
??????##????..???#?? 7,5
#????????????? 1,8,1
.????.??????#??? 2,1,2,5,1
???#???..?#?? 3,4
##???#???# 4,1,2
??????#???????..???? 1,5,5,1
.???????#. 1,1,1
?..?#?#??#??. 1,6
#?#????##?##??#..??? 4,1,8,2
.?????????###?##??? 1,14,1
????????#?.???.??.. 10,1,1
????????#?????.# 1,8,1,1
?.#?###?????#?????# 5,1,2,1,1,1
????????#?? 1,2,2
.#..??#??.?.# 1,5,1
???.??????#.??..# 1,1,5,1,1
?#.?????.???#?#????# 2,1,2,6,3
.?#??.??.???#.?#.?? 3,2,1,1,2,1
???#?#????.??? 6,2,1,1
?????##???.??#? 1,2,2,1,4
#???????#????? 1,1,6,1
.#???###????????.? 2,3,1,2,1
???????????????? 1,3,1,1,3
..#???#?????#?. 1,3,1,2
#?.?????##?. 1,6
????.#???#?????. 3,1,3,1,1
.#???.?#..#???# 2,1,1,3
??.?###?????.. 1,7
?#?.??#.????## 2,2,1,3
?????.##??.. 1,1,3
????####??#????? 13,1
?.??##??.?.??#???? 6,6
????#.??##??. 3,5
???#??????????#??. 4,11
????..#?#?.??#??# 2,3,1,2,1
?#?????.?#??????.. 6,8
??..#.??????#? 1,1,1,4
.?#?????.???????? 5,6
??.????????.#? 2,1,1
??????##?? 3,4
??????????? 8,1
?#??.?.?###??##?? 1,1,8
?????#?#?????????.?? 2,9,3
...#???.???.. 2,1,2
#??.#?#??..??????.. 2,1,2,6
?.?#??.?#? 4,2
?#?????..? 1,2,1
#?.#?.??#??.? 2,1,3,1
????.#.#??????#?## 2,1,1,3,6
